# oST version 5.0 parameters


[image]

width
640

height
480

[narrow_stereo]

camera matrix
497.589692 0.000000 283.389558
0.000000 507.762461 282.956875
0.000000 0.000000 1.000000

distortion
0.186596 -0.149939 -0.014335 -0.026063 0.000000

rectification
1.000000 0.000000 0.000000
0.000000 1.000000 0.000000
0.000000 0.000000 1.000000

projection
524.489685 0.000000 265.976090 0.000000
0.000000 550.428528 275.970195 0.000000
0.000000 0.000000 1.000000 0.000000
